stand_id,species,count,height_from,height_to,age
1,LAOC,48750,0.02,0.05,1
2,PSME,37500,0.02,0.05,1
3,TSHE,116250,0.02,0.05,1
4,TSHE,2500,0.08,0.15,2
5,LAOC,21071,0.02,0.05,1
6,LAOC,5714,0.08,0.15,2
7,PSME,142857,0.02,0.05,1
8,TSHE,3571,0.02,0.05,1
9,PICO,1429,0.02,0.05,1
10,PICO,86607,0.08,0.15,2
11,PICO,3214,0.02,0.05,1
12,PICO,448929,0.08,0.15,2
13,LAOC,89,0.02,0.05,1
14,LAOC,982,0.08,0.15,2
15,PICO,357,0.08,0.15,2
16,PICO,3571,0.02,0.05,1
17,PICO,143571,0.08,0.15,2
18,LAOC,89,0.08,0.15,2
19,PICO,3304,0.08,0.15,2
20,PICO,1964,0.02,0.05,1
21,PICO,78214,0.08,0.15,2
22,PICO,446,0.02,0.05,1
23,PICO,13482,0.08,0.15,2
24,PICO,73750,0.02,0.05,1
25,PICO,953750,0.08,0.15,2
26,LAOC,179,0.08,0.15,2
27,PICO,2500,0.08,0.15,2
28,LAOC,625,0.08,0.15,2
29,PICO,270625,0.08,0.15,2
30,PSME,3750,0.02,0.05,1
31,LAOC,89,0.08,0.15,2
32,PICO,893,0.08,0.15,2
33,LAOC,446,0.08,0.15,2
34,PICO,2054,0.08,0.15,2
35,PICO,89,0.02,0.05,1
36,PICO,1518,0.08,0.15,2
37,PICO,4821,0.08,0.15,2
38,LAOC,1071,0.08,0.15,2
39,PICO,11786,0.02,0.05,1
40,PICO,171429,0.08,0.15,2
41,PSME,357,0.02,0.05,1
42,LAOC,89,0.08,0.15,2
43,PICO,714,0.08,0.15,2
44,LAOC,1786,0.02,0.05,1
45,LAOC,8929,0.08,0.15,2
46,PICO,714,0.02,0.05,1
47,PICO,10536,0.08,0.15,2
48,LAOC,45625,0.02,0.05,1
49,LAOC,19375,0.08,0.15,2
50,PSME,3125,0.02,0.05,1
51,LAOC,89,0.02,0.05,1
52,LAOC,804,0.08,0.15,2
53,PICO,446,0.08,0.15,2
54,LAOC,3929,0.02,0.05,1
55,LAOC,6607,0.08,0.15,2
56,PSME,179,0.02,0.05,1
57,LAOC,89,0.02,0.05,1
58,LAOC,89,0.08,0.15,2
59,PSME,357,0.02,0.05,1
60,ABLA,714,0.02,0.05,1
61,ABLA,268,0.02,0.05,1
62,LAOC,179,0.02,0.05,1
63,LAOC,268,0.08,0.15,2
64,PSME,1786,0.02,0.05,1
65,PSME,89,0.08,0.15,2
66,LAOC,89,0.02,0.05,1
67,LAOC,179,0.08,0.15,2
68,PIEN,89,0.02,0.05,1
69,PSME,1339,0.02,0.05,1
70,TSHE,89,0.02,0.05,1
71,LAOC,89,0.02,0.05,1
72,PSME,268,0.02,0.05,1
73,ABLA,89,0.02,0.05,1
74,LAOC,446,0.02,0.05,1
75,LAOC,536,0.08,0.15,2
76,PIEN,89,0.02,0.05,1
77,PSME,1518,0.02,0.05,1
78,PSME,89,0.08,0.15,2
79,ABLA,625,0.02,0.05,1
80,ABLA,89,0.08,0.15,2
81,LAOC,1518,0.02,0.05,1
82,LAOC,3214,0.08,0.15,2
83,PIEN,804,0.02,0.05,1
84,PSME,446,0.02,0.05,1
85,TSHE,1250,0.02,0.05,1
86,ABLA,89,0.02,0.05,1
87,LAOC,1696,0.02,0.05,1
88,LAOC,3036,0.08,0.15,2
89,PIEN,625,0.02,0.05,1
90,PIEN,714,0.08,0.15,2
91,TSHE,89,0.02,0.05,1
92,PSME,89,0.02,0.05,1
93,LAOC,8750,0.02,0.05,1
94,LAOC,2679,0.08,0.15,2
95,TSHE,8393,0.02,0.05,1
96,TSHE,1250,0.08,0.15,2
97,LAOC,89,0.02,0.05,1
98,LAOC,89,0.08,0.15,2
99,PSME,714,0.02,0.05,1
100,PICO,89,0.08,0.15,2
101,PSME,179,0.02,0.05,1
102,ABLA,7900,0.1,0.3,3
103,PIEN,1100,0.1,0.3,3
104,PSME,200,0.1,0.3,3
105,ABLA,2900,0.1,0.3,3
106,PIEN,800,0.1,0.3,3
107,ABLA,5200,0.1,0.3,3
108,PIEN,900,0.1,0.3,3
109,PSME,200,0.1,0.3,3
110,ABLA,6100,0.1,0.3,3
111,PICO,400,0.1,0.3,3
112,PIEN,200,0.1,0.3,3
113,PIMO,200,0.1,0.3,3
114,PSME,100,0.1,0.3,3
115,PSME,100,0.1,0.3,3
116,TSHE,100,0.1,0.3,3
117,ABGR,200,0.1,0.3,3
118,ABLA,1100,0.1,0.3,3
119,PICO,900,0.1,0.3,3
120,PIEN,1300,0.1,0.3,3
121,PIMO,500,0.1,0.3,3
122,ABLA,1100,0.1,0.3,3
123,PICO,500,0.1,0.3,3
124,PIEN,400,0.1,0.3,3
125,PIMO,200,0.1,0.3,3
126,PSME,300,0.1,0.3,3
127,TSHE,100,0.1,0.3,3
128,PIEN,100,0.1,0.3,3
129,PIEN,100,0.1,0.3,3
130,PIMO,200,0.1,0.3,3
131,THPL,100,0.1,0.3,3
132,TSHE,100,0.1,0.3,3
133,ABGR,100,0.1,0.3,3
134,ABLA,500,0.1,0.3,3
135,PICO,300,0.1,0.3,3
136,PIEN,200,0.1,0.3,3
137,PIMO,600,0.1,0.3,3
138,THPL,400,0.1,0.3,3
139,TSHE,100,0.1,0.3,3
140,ABLA,200,0.1,0.3,3
141,PIEN,300,0.1,0.3,3
142,PIMO,200,0.1,0.3,3
143,THPL,100,0.1,0.3,3
144,THPL,100,0.1,0.3,3
145,PICO,24600,0.1,0.3,3
146,PIEN,100,0.1,0.3,3
147,PICO,18400,0.1,0.3,3
148,PIEN,300,0.1,0.3,3
149,PIEN,300,0.1,0.3,3
150,LAOC,400,0.1,0.3,3
151,PICO,5800,0.1,0.3,3
152,PIEN,600,0.1,0.3,3
153,LAOC,100,0.1,0.3,3
154,PICO,35200,0.1,0.3,3
155,LAOC,100,0.1,0.3,3
156,LAOC,100,0.1,0.3,3
157,PICO,65000,0.1,0.3,3
158,PIEN,400,0.1,0.3,3
159,LAOC,200,0.1,0.3,3
160,PICO,79500,0.1,0.3,3
161,PIEN,1200,0.1,0.3,3
162,LAOC,300,0.1,0.3,3
163,PICO,900,0.1,0.3,3
164,PSME,500,0.1,0.3,3
165,LAOC,100,0.1,0.3,3
166,LAOC,100,0.1,0.3,3
167,LAOC,100,0.1,0.3,3
168,PICO,100,0.1,0.3,3
169,PICO,100,0.1,0.3,3
170,PICO,100,0.1,0.3,3
171,PSME,200,0.1,0.3,3
172,PSME,200,0.1,0.3,3
173,LAOC,2300,0.1,0.3,3
174,PICO,100,0.1,0.3,3
175,PICO,100,0.1,0.3,3
176,PIEN,300,0.1,0.3,3
177,PSME,200,0.1,0.3,3
178,PIEN,2100,0.02,0.05,1
179,PIEN,900,0.02,0.05,1
180,PICO,1300,0.02,0.05,1
181,PIEN,900,0.02,0.05,1
182,LAOC,300,0.1,0.3,3
183,LAOC,300,0.1,0.3,3
184,PICO,105300,0.1,0.3,3
185,PIEN,200,0.1,0.3,3
186,PIEN,200,0.1,0.3,3
187,TSHE,100,0.1,0.3,3
188,LAOC,300,0.1,0.3,3
189,PICO,28200,0.1,0.3,3
190,PIEN,500,0.1,0.3,3
191,PSME,100,0.1,0.3,3
192,PSME,100,0.1,0.3,3
193,LAOC,400,0.1,0.3,3
194,PICO,102900,0.1,0.3,3
195,PIEN,100,0.1,0.3,3
196,LAOC,400,0.1,0.3,3
197,PICO,11300,0.1,0.3,3
198,PIEN,200,0.1,0.3,3
199,PIEN,200,0.1,0.3,3
200,PSME,200,0.1,0.3,3
201,THPL,100,0.1,0.3,3
202,FIR,200,0.1,0.3,3
203,LAOC,4000,0.1,0.3,3
204,PICO,7700,0.1,0.3,3
205,SPRUCE,400,0.1,0.3,3
206,SPRUCE,400,0.1,0.3,3
207,FIR,100,0.1,0.3,3
208,LAOC,200,0.1,0.3,3
209,PICO,4400,0.1,0.3,3
210,PIEN,200,0.1,0.3,3
211,PICO,3800,0.1,0.3,3
212,PIEN,100,0.1,0.3,3
213,PSME,100,0.1,0.3,3
214,PICO,13300,0.1,0.3,3
215,PIEN,200,0.1,0.3,3
216,PIEN,200,0.1,0.3,3
217,PICO,1400,0.1,0.3,3
218,PIEN,200,0.1,0.3,3
